-43.929, -19.9395
-43.9275, -19.9393
-43.9268, -19.9393
-43.9267, -19.9392
-43.9266, -19.939
-43.9268, -19.9391
-43.9299, -19.9396
-43.929, -19.9395
-43.9275, -19.9393
-43.9268, -19.9393
-43.9267, -19.9392
-43.9299, -19.9396
-43.929, -19.9395
-43.9275, -19.9393
-43.9268, -19.9393
-43.9267, -19.9392
-43.9299, -19.9396
-43.929, -19.9395
-43.9275, -19.9393
-43.9268, -19.9393
-43.9267, -19.9392
-43.9276, -19.9392
-43.929, -19.9394
-43.93, -19.9395
-43.9305, -19.9395
-43.9318, -19.9397
-43.9309, -19.9397
-43.9304, -19.9397
-43.9299, -19.9396
-43.929, -19.9395
-43.9275, -19.9393
-43.9268, -19.9393
-43.9267, -19.9392
-43.9309, -19.9397
-43.9304, -19.9397
-43.9299, -19.9396
-43.929, -19.9395
-43.9275, -19.9393
-43.9268, -19.9393
-43.9267, -19.9392
-43.9266, -19.939
-43.9268, -19.9391
-43.9276, -19.9392
-43.9276, -19.9392
-43.929, -19.9394
-43.93, -19.9395
-43.9305, -19.9395
-43.9318, -19.9397
-43.9309, -19.9397
-43.9304, -19.9397
-43.9266, -19.939
-43.9268, -19.9391
-43.9276, -19.9392
-43.9276, -19.9392
-43.929, -19.9394
-43.93, -19.9395
-43.9305, -19.9395
-43.9318, -19.9397
-43.9309, -19.9397
-43.9304, -19.9397
-43.9299, -19.9396
-43.9309, -19.9397
-43.9304, -19.9397
-43.9299, -19.9396
-43.929, -19.9395
-43.9266, -19.939
-43.9268, -19.9391
-43.9276, -19.9392
-43.9276, -19.9392
-43.929, -19.9394
-43.93, -19.9395
-43.9305, -19.9395
-43.9318, -19.9397
-43.9266, -19.939
-43.9268, -19.9391
-43.9276, -19.9392
-43.9276, -19.9392
-43.929, -19.9394
-43.93, -19.9395
-43.9266, -19.939
-43.9268, -19.9391
-43.9276, -19.9392
-43.9276, -19.9392
-43.929, -19.9394
-43.93, -19.9395
-43.9305, -19.9395
-43.9318, -19.9397
-43.9266, -19.939
-43.9268, -19.9391
-43.9276, -19.9392
-43.9276, -19.9392
-43.929, -19.9394
-43.93, -19.9395
-43.9305, -19.9395
-43.9318, -19.9397
-43.9266, -19.939
-43.9268, -19.9391
-43.9276, -19.9392
-43.9276, -19.9392
-43.929, -19.9394
-43.93, -19.9395
-43.9305, -19.9395
-43.9318, -19.9397
-43.9266, -19.939
-43.9268, -19.9391
-43.9276, -19.9392
-43.9276, -19.9392
-43.929, -19.9394
-43.93, -19.9395
-43.9305, -19.9395
-43.9318, -19.9397
-43.9266, -19.939
-43.9268, -19.9391
-43.9276, -19.9392
-43.9276, -19.9392
-43.929, -19.9394
-43.93, -19.9395
-43.9305, -19.9395
-43.9318, -19.9397
-43.9309, -19.9397
-43.9304, -19.9397
-43.9304, -19.9397
-43.9299, -19.9396
-43.929, -19.9395
-43.9275, -19.9393
-43.9268, -19.9393
-43.9267, -19.9392
-43.929, -19.9394
-43.93, -19.9395
-43.9305, -19.9395
-43.9318, -19.9397
-43.9266, -19.939
-43.9268, -19.9391
-43.9276, -19.9392
-43.9276, -19.9392
-43.929, -19.9394
-43.93, -19.9395
-43.9305, -19.9395
-43.9318, -19.9397
-43.9266, -19.939
-43.9268, -19.9391
-43.9276, -19.9392
-43.9276, -19.9392
-43.929, -19.9394
-43.93, -19.9395
-43.9305, -19.9395
-43.9318, -19.9397
-43.9266, -19.939
-43.9268, -19.9391
-43.9276, -19.9392
-43.9276, -19.9392
-43.929, -19.9394
-43.93, -19.9395
-43.9305, -19.9395
-43.9318, -19.9397
-43.9266, -19.939
-43.9268, -19.9391
-43.9276, -19.9392
-43.9276, -19.9392
-43.929, -19.9394
-43.93, -19.9395
-43.9309, -19.9397
-43.9304, -19.9397
-43.9299, -19.9396
-43.9266, -19.939
-43.9268, -19.9391
-43.9276, -19.9392
-43.9276, -19.9392
-43.929, -19.9394
-43.93, -19.9395
-43.9305, -19.9395
-43.9318, -19.9397
-43.9266, -19.939
-43.9268, -19.9391
-43.9276, -19.9392
-43.9276, -19.9392
-43.929, -19.9394
-43.93, -19.9395
-43.9305, -19.9395
-43.9318, -19.9397
-43.9309, -19.9397
-43.93, -19.9395
-43.9305, -19.9395
-43.9318, -19.9397
-43.929, -19.9394
-43.93, -19.9395
-43.9305, -19.9395
-43.9318, -19.9397
-43.929, -19.9394
-43.93, -19.9395
-43.9305, -19.9395
-43.9318, -19.9397
-43.9268, -19.9391
-43.9276, -19.9392
-43.9276, -19.9392
-43.929, -19.9394
-43.93, -19.9395
-43.9305, -19.9395
-43.9318, -19.9397
-43.9299, -19.9396
-43.929, -19.9395
-43.9275, -19.9393
-43.9268, -19.9393
-43.9267, -19.9392
-43.9299, -19.9396
-43.929, -19.9395
-43.9275, -19.9393
-43.9268, -19.9393
-43.9267, -19.9392
-43.929, -19.9395
-43.9275, -19.9393
-43.9268, -19.9393
-43.9267, -19.9392
-43.9299, -19.9396
-43.929, -19.9395
-43.9275, -19.9393
-43.9268, -19.9393
-43.9267, -19.9392
-43.9309, -19.9397
-43.9304, -19.9397
-43.9299, -19.9396
-43.929, -19.9395
-43.9275, -19.9393
-43.9268, -19.9393
-43.9267, -19.9392
-43.9266, -19.939
-43.9268, -19.9391
-43.9299, -19.9396
-43.929, -19.9395
-43.9275, -19.9393
-43.9268, -19.9393
-43.9267, -19.9392
-43.9309, -19.9397
-43.9304, -19.9397
-43.9299, -19.9396
-43.929, -19.9395
-43.9275, -19.9393
-43.9268, -19.9393
-43.9267, -19.9392
-43.9275, -19.9393
-43.9268, -19.9393
-43.9267, -19.9392
-43.9299, -19.9396
-43.929, -19.9395
-43.9275, -19.9393
-43.9268, -19.9393
-43.9267, -19.9392
-43.9275, -19.9393
-43.9268, -19.9393
-43.9267, -19.9392
-43.929, -19.9395
-43.9275, -19.9393
-43.9268, -19.9393
-43.9267, -19.9392
-43.9275, -19.9393
-43.9268, -19.9393
-43.9267, -19.9392
-43.9299, -19.9396
-43.929, -19.9395
-43.9275, -19.9393
-43.9268, -19.9393
-43.9267, -19.9392
-43.929, -19.9395
-43.9275, -19.9393
-43.9268, -19.9393
-43.9267, -19.9392
-43.9299, -19.9396
-43.929, -19.9395
-43.9275, -19.9393
-43.9268, -19.9393
-43.9267, -19.9392
-43.9299, -19.9396
-43.929, -19.9395
-43.9275, -19.9393
-43.9309, -19.9397
-43.9304, -19.9397
-43.9299, -19.9396
-43.929, -19.9395
-43.9275, -19.9393
-43.9268, -19.9393
-43.9267, -19.9392
-43.9309, -19.9397
-43.9304, -19.9397
-43.9299, -19.9396
-43.929, -19.9395
-43.9275, -19.9393
-43.9268, -19.9393
-43.9267, -19.9392
-43.929, -19.9394
-43.93, -19.9395
-43.9305, -19.9395
-43.9318, -19.9397
-43.9275, -19.9393
-43.9268, -19.9393
-43.9267, -19.9392
-43.929, -19.9395
-43.9275, -19.9393
-43.9268, -19.9393
-43.9267, -19.9392
-43.9309, -19.9397
-43.9304, -19.9397
-43.9299, -19.9396
-43.929, -19.9395
-43.9275, -19.9393
-43.9268, -19.9393
-43.9267, -19.9392
-43.93, -19.9395
-43.9305, -19.9395
-43.9318, -19.9397
-43.9309, -19.9397
-43.9304, -19.9397
-43.9299, -19.9396
-43.929, -19.9395
-43.9275, -19.9393
-43.9268, -19.9393
-43.9267, -19.9392
-43.9266, -19.939
-43.9268, -19.9391
-43.9275, -19.9393
-43.9268, -19.9393
-43.9267, -19.9392
-43.929, -19.9394
-43.93, -19.9395
-43.9305, -19.9395
-43.9318, -19.9397
-43.929, -19.9394
-43.93, -19.9395
-43.9305, -19.9395
-43.9318, -19.9397
-43.9266, -19.939
-43.9268, -19.9391
-43.9309, -19.9397
-43.9304, -19.9397
-43.9299, -19.9396
-43.929, -19.9395
-43.9275, -19.9393
-43.9268, -19.9393
-43.9267, -19.9392
-43.9309, -19.9397
-43.9304, -19.9397
-43.9299, -19.9396
-43.929, -19.9395
-43.9275, -19.9393
-43.9268, -19.9393
-43.9267, -19.9392
-43.9309, -19.9397
-43.9304, -19.9397
-43.9299, -19.9396
-43.929, -19.9395
-43.9275, -19.9393
-43.9268, -19.9393
-43.9267, -19.9392
-43.9309, -19.9397
-43.9304, -19.9397
-43.9299, -19.9396
-43.929, -19.9395
-43.9275, -19.9393
-43.9268, -19.9393
-43.9267, -19.9392
-43.9309, -19.9397
-43.9304, -19.9397
-43.9299, -19.9396
-43.929, -19.9395
-43.9275, -19.9393
-43.9268, -19.9393
-43.9267, -19.9392
-43.9266, -19.939
-43.9268, -19.9391
-43.9276, -19.9392
-43.9276, -19.9392
-43.929, -19.9394
-43.9309, -19.9397
-43.9304, -19.9397
-43.9299, -19.9396
-43.929, -19.9395
-43.9275, -19.9393
-43.9268, -19.9393
-43.9267, -19.9392
-43.9309, -19.9397
-43.9304, -19.9397
-43.9299, -19.9396
-43.929, -19.9395
-43.9275, -19.9393
-43.9268, -19.9393
-43.9267, -19.9392
-43.929, -19.9395
-43.9275, -19.9393
-43.9268, -19.9393
-43.9267, -19.9392
-43.9266, -19.939
-43.9268, -19.9391
-43.929, -19.9395
-43.9275, -19.9393
-43.9268, -19.9393
-43.9267, -19.9392
-43.9309, -19.9397
-43.9304, -19.9397
-43.9299, -19.9396
-43.929, -19.9395
-43.9275, -19.9393
-43.9268, -19.9393
-43.9267, -19.9392
-43.929, -19.9395
-43.9275, -19.9393
-43.9268, -19.9393
-43.9267, -19.9392
-43.9309, -19.9397
-43.9304, -19.9397
-43.9299, -19.9396
-43.929, -19.9395
-43.9275, -19.9393
-43.9268, -19.9393
-43.9267, -19.9392
-43.93, -19.9395
-43.9305, -19.9395
-43.9318, -19.9397
